132.0, 170.0, 0.5
132.13824462890625, 170.2247314453125, 0.5
132.25054931640625, 170.47836303710938, 0.5
132.33245849609375, 170.7578582763672, 0.5
132.37979125976562, 171.05955505371094, 0.5
132.3887939453125, 171.37916564941406, 0.5
132.35626220703125, 171.71192932128906, 0.5
132.27960205078125, 172.05255126953125, 0.5
132.15682983398438, 172.39540100097656, 0.5
131.9866943359375, 172.73448181152344, 0.5
131.76873779296875, 173.06356811523438, 0.5
131.50323486328125, 173.37631225585938, 0.5
131.19125366210938, 173.66632080078125, 0.5
130.83477783203125, 173.92726135253906, 0.5
130.43649291992188, 174.1529541015625, 0.5
130.0, 174.33749389648438, 0.5
129.52960205078125, 174.475341796875, 0.5
129.03045654296875, 174.56143188476562, 0.5
128.50823974609375, 174.5912322998047, 0.5
127.9693603515625, 174.56088256835938, 0.5
127.42083740234375, 174.46725463867188, 0.5
126.87005615234375, 174.30801391601562, 0.5
126.32479858398438, 174.08172607421875, 0.5
125.79318237304688, 173.787841796875, 0.5
125.283447265625, 173.42678833007812, 0.5
124.8038330078125, 173.0, 0.5
124.3626708984375, 172.50990295410156, 0.5
123.96792602539062, 171.95994567871094, 0.5
123.62738037109375, 171.35455322265625, 0.5
123.34829711914062, 170.69912719726562, 0.5
123.13751220703125, 170.0, 0.5
123.00103759765625, 169.26438903808594, 0.5
122.94427490234375, 168.50027465820312, 0.5
122.9716796875, 167.71636962890625, 0.5
123.08673095703125, 166.92202758789062, 0.5
123.29190063476562, 166.12709045410156, 0.5
123.58853149414062, 165.34181213378906, 0.5
123.976806640625, 164.5767059326172, 0.5
124.4556884765625, 163.84243774414062, 0.5
125.02291870117188, 163.149658203125, 0.5
125.67498779296875, 162.50889587402344, 0.5
126.40713500976562, 161.93035888671875, 0.5
127.21340942382812, 161.42385864257812, 0.5
128.086669921875, 160.99859619140625, 0.5
129.01861572265625, 160.66310119628906, 0.5
129.99996948242188, 160.4250030517578, 0.5
131.02044677734375, 160.29098510742188, 0.5
132.06884765625, 160.26661682128906, 0.5
133.1334228515625, 160.3562774658203, 0.5
134.2015380859375, 160.5630645751953, 0.5
135.2603759765625, 160.888671875, 0.5
136.296630859375, 161.33338928222656, 0.5
137.29684448242188, 161.89598083496094, 0.5
138.24761962890625, 162.57373046875, 0.5
139.13580322265625, 163.36239624023438, 0.5
139.94842529296875, 164.25621032714844, 0.5
140.6732177734375, 165.24790954589844, 0.5
141.29852294921875, 166.32882690429688, 0.5
141.81356811523438, 167.4888916015625, 0.5
142.20858764648438, 168.71676635742188, 0.5
142.47500610351562, 169.99993896484375, 0.5
142.6055908203125, 171.32484436035156, 0.5
142.594482421875, 172.67697143554688, 0.5
142.43746948242188, 174.04110717773438, 0.5
142.13189697265625, 175.40139770507812, 0.5
141.67694091796875, 176.74160766601562, 0.5
141.07345581054688, 178.04525756835938, 0.5
140.32418823242188, 179.29583740234375, 0.5
139.43368530273438, 180.47705078125, 0.5
138.4083251953125, 181.57293701171875, 0.5
137.25631713867188, 182.56814575195312, 0.5
135.98757934570312, 183.4481201171875, 0.5
134.61370849609375, 184.19924926757812, 0.5
133.14788818359375, 184.80914306640625, 0.5
131.60467529296875, 185.2667236328125, 0.5
130.00009155273438, 185.5625, 0.5
128.35116577148438, 185.6885986328125, 0.5
126.67593383789062, 185.63897705078125, 0.5
124.99325561523438, 185.40953063964844, 0.5
123.32247924804688, 184.9981689453125, 0.5
121.68341064453125, 184.40493774414062, 0.5
120.09588623046875, 183.63198852539062, 0.5
118.57968139648438, 182.68368530273438, 0.5
117.1541748046875, 181.56654357910156, 0.5
115.83819580078125, 180.28924560546875, 0.5
114.64971923828125, 178.86256408691406, 0.5
113.60568237304688, 177.29928588867188, 0.5
112.7216796875, 175.61412048339844, 0.5
112.01187133789062, 173.82354736328125, 0.5
111.4886474609375, 171.94566345214844, 0.5
111.16250610351562, 170.00003051757812, 0.5
111.04193115234375, 168.00746154785156, 0.5
111.13314819335938, 165.98974609375, 0.5
111.44012451171875, 163.96954345703125, 0.5
111.96432495117188, 161.97000122070312, 0.5
112.70474243164062, 160.01458740234375, 0.5
113.65786743164062, 158.12673950195312, 0.5
114.81756591796875, 156.32965087890625, 0.5
116.17523193359375, 154.64599609375, 0.5
117.7197265625, 153.09759521484375, 0.5
119.43753051757812, 151.7052001953125, 0.5
121.31280517578125, 150.48817443847656, 0.5
123.32760620117188, 149.46429443359375, 0.5
125.46185302734375, 148.64947509765625, 0.5
127.69381713867188, 148.05752563476562, 0.5
130.00006103515625, 147.6999969482422, 0.5
132.35589599609375, 147.58596801757812, 0.5
134.7354736328125, 147.72189331054688, 0.5
137.11212158203125, 148.11146545410156, 0.5
139.45877075195312, 148.7555389404297, 0.5
141.748046875, 149.65206909179688, 0.5
143.95266723632812, 150.79603576660156, 0.5
146.04586791992188, 152.17947387695312, 0.5
148.00155639648438, 153.79153442382812, 0.5
149.79473876953125, 155.61849975585938, 0.5
151.4017333984375, 157.64390563964844, 0.5
152.8006591796875, 159.84869384765625, 0.5
153.971435546875, 162.21141052246094, 0.5
154.8963623046875, 164.7083282470703, 0.5
155.56005859375, 167.31375122070312, 0.5
155.95001220703125, 170.00022888183594, 0.5
156.05645751953125, 172.7388916015625, 0.5
155.87277221679688, 175.49969482421875, 0.5
155.3955078125, 178.2517852783203, 0.5
154.62451171875, 180.96383666992188, 0.5
153.56295776367188, 183.6044158935547, 0.5
152.21746826171875, 186.14230346679688, 0.5
150.597900390625, 188.546875, 0.5
148.71759033203125, 190.78846740722656, 0.5
146.5928955078125, 192.83876037597656, 0.5
144.24343872070312, 194.67108154296875, 0.5
141.691650390625, 196.26077270507812, 0.5
138.96267700195312, 197.58551025390625, 0.5
136.08416748046875, 198.62557983398438, 0.5
133.08587646484375, 199.3641357421875, 0.5
129.99957275390625, 199.78750610351562, 0.5
126.85848999023438, 199.88534545898438, 0.5
123.69705200195312, 199.65081787109375, 0.5
120.55059814453125, 199.08079528808594, 0.5
117.45477294921875, 198.1758270263672, 0.5
114.44540405273438, 196.9403533935547, 0.5
111.55780029296875, 195.38259887695312, 0.5
108.82662963867188, 193.5146026611328, 0.5
106.28524780273438, 191.35211181640625, 0.5
103.96549987792969, 188.9144744873047, 0.5
101.89718627929688, 186.22450256347656, 0.5
100.1077880859375, 183.30821228027344, 0.5
98.6220703125, 180.1946563720703, 0.5
97.4617919921875, 176.91555786132812, 0.5
96.64532470703125, 173.50506591796875, 0.5
96.1875, 169.99932861328125, 0.5
96.09930419921875, 166.4362030029297, 0.5
96.38772583007812, 162.85476684570312, 0.5
97.05560302734375, 159.2949981689453, 0.5
98.10154724121094, 155.79714965820312, 0.5
99.51983642578125, 152.40150451660156, 0.5
101.30049133300781, 149.14779663085938, 0.5
103.42927551269531, 146.07476806640625, 0.5
105.88777160644531, 143.21974182128906, 0.5
108.65359497070312, 140.6181640625, 0.5
111.70050048828125, 138.3031768798828, 0.5
114.99871826171875, 136.30516052246094, 0.5
118.51513671875, 134.65142822265625, 0.5
122.21368408203125, 133.36581420898438, 0.5
126.0557861328125, 132.4683380126953, 0.5
130.00048828125, 131.97499084472656, 0.5
134.00521850585938, 131.89743041992188, 0.5
138.0260009765625, 132.24276733398438, 0.5
142.01806640625, 133.01353454589844, 0.5
145.93630981445312, 134.20745849609375, 0.5
149.73574829101562, 135.81744384765625, 0.5
153.37213134765625, 137.8316650390625, 0.5
156.80230712890625, 140.2335662841797, 0.5
159.98486328125, 143.00193786621094, 0.5
162.88064575195312, 146.11117553710938, 0.5
165.45306396484375, 149.531494140625, 0.5
167.66864013671875, 153.2291259765625, 0.5
169.4974365234375, 157.166748046875, 0.5
170.91351318359375, 161.30377197265625, 0.5
171.89508056640625, 165.59683227539062, 0.5
172.42498779296875, 170.0001678466797, 0.5
172.66644287109375, 172.2362518310547, 0.5
172.79010009765625, 174.49765014648438, 0.5
172.79403686523438, 176.77816772460938, 0.5
172.676513671875, 179.07147216796875, 0.5
172.436279296875, 181.37109375, 0.5
172.072265625, 183.67047119140625, 0.5
171.5838623046875, 185.96295166015625, 0.5
170.9708251953125, 188.24183654785156, 0.5
170.23321533203125, 190.50033569335938, 0.5
169.3714599609375, 192.73165893554688, 0.5
168.38638305664062, 194.92901611328125, 0.5
167.2791748046875, 197.08558654785156, 0.5
166.05145263671875, 199.1946258544922, 0.5
164.705078125, 201.24942016601562, 0.5
163.24240112304688, 203.24331665039062, 0.5
161.66610717773438, 205.16978454589844, 0.5
159.97921752929688, 207.0223846435547, 0.5
158.1851806640625, 208.79483032226562, 0.5
156.2877197265625, 210.48095703125, 0.5
154.29095458984375, 212.07481384277344, 0.5
152.19937133789062, 213.57061767578125, 0.5
150.01773071289062, 214.96279907226562, 0.5
147.75115966796875, 216.24603271484375, 0.5
145.40509033203125, 217.41522216796875, 0.5
142.98526000976562, 218.46559143066406, 0.5
140.49761962890625, 219.39260864257812, 0.5
137.94851684570312, 220.1920166015625, 0.5
135.34445190429688, 220.8599853515625, 0.5
132.69219970703125, 221.39288330078125, 0.5
129.998779296875, 221.78750610351562, 0.5
127.2713623046875, 222.041015625, 0.5
124.51739501953125, 222.15093994140625, 0.5
121.744384765625, 222.11517333984375, 0.5
118.9600830078125, 221.9320068359375, 0.5
116.17230224609375, 221.60018920898438, 0.5
113.388916015625, 221.11883544921875, 0.5
110.6180419921875, 220.48748779296875, 0.5
107.86767578125, 219.70614624023438, 0.5
105.14598083496094, 218.7751922607422, 0.5
102.4610595703125, 217.69552612304688, 0.5
99.82102966308594, 216.46841430664062, 0.5
97.23396301269531, 215.09561157226562, 0.5
94.7078857421875, 213.5792694091797, 0.5
92.250732421875, 211.9220428466797, 0.5
89.87034606933594, 210.12696838378906, 0.5
87.57441711425781, 208.1975555419922, 0.5
85.3704833984375, 206.1376953125, 0.5
83.26593017578125, 203.95176696777344, 0.5
81.26789855957031, 201.64450073242188, 0.5
79.38334655761719, 199.2210693359375, 0.5
77.61895751953125, 196.68701171875, 0.5
75.98114013671875, 194.04827880859375, 0.5
74.47602844238281, 191.31118774414062, 0.5
73.10943603515625, 188.48239135742188, 0.5
71.88685607910156, 185.56887817382812, 0.5
70.81340026855469, 182.57798767089844, 0.5
69.89382934570312, 179.517333984375, 0.5
69.13250732421875, 176.3948516845703, 0.5
68.53337097167969, 173.2187042236328, 0.5
68.09999084472656, 169.997314453125, 0.5
67.83544921875, 166.73934936523438, 0.5
67.74238586425781, 163.4536590576172, 0.5
67.82298278808594, 160.1492462158203, 0.5
68.07896423339844, 156.83531188964844, 0.5
68.51153564453125, 153.52114868164062, 0.5
69.12142944335938, 150.21617126464844, 0.5
69.90885925292969, 146.92987060546875, 0.5
70.87356567382812, 143.67176818847656, 0.5
72.01473999023438, 140.45144653320312, 0.5
73.33108520507812, 137.27842712402344, 0.5
74.82077026367188, 134.1622314453125, 0.5
76.48147583007812, 131.11231994628906, 0.5
78.310302734375, 128.1380615234375, 0.5
80.30390930175781, 125.24871826171875, 0.5
82.45843505859375, 122.453369140625, 0.5
84.76947021484375, 119.76097106933594, 0.5
87.23216247558594, 117.18023681640625, 0.5
89.84114074707031, 114.71966552734375, 0.5
92.59059143066406, 112.38752746582031, 0.5
95.47421264648438, 110.1917724609375, 0.5
98.4852294921875, 108.14006042480469, 0.5
101.61651611328125, 106.23973083496094, 0.5
104.86042785644531, 104.49774169921875, 0.5
108.208984375, 102.92068481445312, 0.5
111.65380859375, 101.51475524902344, 0.5
115.1861572265625, 100.28570556640625, 0.5
118.79696655273438, 99.23884582519531, 0.5
122.476806640625, 98.3790283203125, 0.5
126.21600341796875, 97.71063232421875, 0.5
130.00457763671875, 97.23748779296875, 0.5
133.83236694335938, 96.96296691894531, 0.5
137.68893432617188, 96.88986206054688, 0.5
141.56369018554688, 97.02044677734375, 0.5
145.44586181640625, 97.35641479492188, 0.5
149.32452392578125, 97.89892578125, 0.5
153.18878173828125, 98.64852905273438, 0.5
157.02749633789062, 99.60519409179688, 0.5
160.82958984375, 100.76828002929688, 0.5
164.583984375, 102.13662719726562, 0.5
168.27960205078125, 103.70840454101562, 0.5
171.90542602539062, 105.481201171875, 0.5
175.45053100585938, 107.45204162597656, 0.5
178.90408325195312, 109.6173095703125, 0.5
182.2554931640625, 111.97282409667969, 0.5
185.4942626953125, 114.51382446289062, 0.5
188.61013793945312, 117.2349853515625, 0.5
191.59317016601562, 120.13040161132812, 0.5
194.43362426757812, 123.193603515625, 0.5
197.12210083007812, 126.4176025390625, 0.5
199.6495361328125, 129.79489135742188, 0.5
202.00729370117188, 133.31741333007812, 0.5
204.18701171875, 136.9766845703125, 0.5
206.180908203125, 140.7637176513672, 0.5
207.98150634765625, 144.6690673828125, 0.5
209.5819091796875, 148.682861328125, 0.5
210.9757080078125, 152.79486083984375, 0.5
212.156982421875, 156.99441528320312, 0.5
213.120361328125, 161.27053833007812, 0.5
213.86111450195312, 165.61192321777344, 0.5
214.375, 170.00697326660156, 0.5
214.658447265625, 174.44383239746094, 0.5
214.70849609375, 178.91041564941406, 0.5
214.52276611328125, 183.39442443847656, 0.5
214.099609375, 187.8834228515625, 0.5
213.43798828125, 192.3648223876953, 0.5
212.53750610351562, 196.82595825195312, 0.5
211.39849853515625, 201.2541046142578, 0.5
210.02191162109375, 205.63648986816406, 0.5
208.40948486328125, 209.96038818359375, 0.5
208.40948486328125, 220.01632690429688, 1.0
208.71664428710938, 220.19598388671875, 1.0
209.0565185546875, 220.73101806640625, 1.0
209.4608154296875, 221.61016845703125, 1.0
209.95944213867188, 222.814697265625, 1.0
210.57958984375, 224.31893920898438, 1.0
211.34475708007812, 226.09097290039062, 1.0
212.27435302734375, 228.0931396484375, 1.0
213.38272094726562, 230.2828369140625, 1.0
214.67892456054688, 232.613525390625, 1.0
216.16619873046875, 235.03570556640625, 1.0
217.84173583984375, 237.49783325195312, 1.0
219.69674682617188, 239.94757080078125, 1.0
221.71630859375, 242.33282470703125, 1.0
223.87982177734375, 244.60275268554688, 1.0
226.16107177734375, 246.708984375, 1.0
228.529052734375, 248.60650634765625, 1.0
230.94839477539062, 250.25457763671875, 1.0
233.38009643554688, 251.61767578125, 1.0
235.782470703125, 252.66604614257812, 1.0
238.11196899414062, 253.37640380859375, 1.0
240.32421875, 253.73233032226562, 1.0
242.37506103515625, 253.72454833984375, 1.0
244.22134399414062, 253.35104370117188, 1.0
245.822265625, 252.6170654296875, 1.0
247.14019775390625, 251.53497314453125, 1.0
248.14151000976562, 250.12371826171875, 1.0
248.79757690429688, 248.4085693359375, 1.0
249.08544921875, 246.42041015625, 1.0
248.98858642578125, 244.19500732421875, 1.0
248.49713134765625, 241.77203369140625, 1.0
247.60855102539062, 239.19439697265625, 1.0
246.32763671875, 236.50711059570312, 1.0
244.66668701171875, 233.75628662109375, 1.0
242.64532470703125, 230.98809814453125, 1.0
240.29022216796875, 228.24783325195312, 1.0
237.63470458984375, 225.5787353515625, 1.0
234.71826171875, 223.02117919921875, 1.0
231.58566284179688, 220.61181640625, 1.0
228.2862548828125, 218.38282775878906, 1.0
224.87298583984375, 216.36106872558594, 1.0
221.40142822265625, 214.56777954101562, 1.0
217.92877197265625, 213.01803588867188, 1.0
214.51239013671875, 211.7205810546875, 1.0
211.20916748046875, 210.67764282226562, 1.0
208.07403564453125, 209.8850860595703, 1.0
205.158935546875, 209.33255004882812, 1.0
202.51190185546875, 209.00381469726562, 1.0
200.17599487304688, 208.87728881835938, 1.0
198.18853759765625, 208.9266357421875, 1.0
196.58023071289062, 209.1215057373047, 1.0
195.37469482421875, 209.42831420898438, 1.0
194.587890625, 209.81114196777344, 1.0
194.22784423828125, 210.2327423095703, 1.0
194.29461669921875, 210.6554412841797, 1.0
194.78012084960938, 211.04212951660156, 1.0
195.66851806640625, 211.35728454589844, 1.0
196.93646240234375, 211.56785583496094, 1.0
198.55355834960938, 211.64413452148438, 1.0
200.483154296875, 211.56056213378906, 1.0
202.68292236328125, 211.29640197753906, 1.0
205.10601806640625, 210.83636474609375, 1.0
207.7017822265625, 210.17095947265625, 1.0
210.4169921875, 209.29689025878906, 1.0
213.19683837890625, 208.21719360351562, 1.0
215.98614501953125, 206.94117736816406, 1.0
218.73046875, 205.48435974121094, 1.0
221.37704467773438, 203.86814880371094, 1.0
223.87615966796875, 202.11935424804688, 1.0
226.181884765625, 200.26968383789062, 1.0
228.2530517578125, 198.35496520996094, 1.0
230.053955078125, 196.41444396972656, 1.0
231.55520629882812, 194.48977661132812, 1.0
232.73403930664062, 192.62416076660156, 1.0
233.57476806640625, 190.8612823486328, 1.0
234.069091796875, 189.2443084716797, 1.0
234.21588134765625, 187.81483459472656, 1.0
234.02139282226562, 186.61187744140625, 1.0
233.49871826171875, 185.6709747314453, 1.0
232.66757202148438, 185.023193359375, 1.0
231.5535888671875, 184.69436645507812, 1.0
230.18777465820312, 184.7044677734375, 1.0
228.6055908203125, 185.0669403076172, 1.0
226.84613037109375, 185.7882843017578, 1.0
224.95111083984375, 186.8678436279297, 1.0
222.96401977539062, 188.29757690429688, 1.0
220.92889404296875, 190.06219482421875, 1.0
218.889404296875, 192.1392822265625, 1.0
216.88775634765625, 194.4996337890625, 1.0
214.96392822265625, 197.1078338623047, 1.0
213.154541015625, 199.92286682128906, 1.0
211.4920654296875, 202.89883422851562, 1.0
210.00430297851562, 205.98590087890625, 1.0
208.713623046875, 209.13124084472656, 1.0
207.63665771484375, 212.28012084960938, 1.0
206.78372192382812, 215.37689208984375, 1.0
206.15899658203125, 218.36624145507812, 1.0
205.76025390625, 221.19424438476562, 1.0
205.57913208007812, 223.8094482421875, 1.0
205.60140991210938, 226.16400146484375, 1.0
205.807373046875, 228.2144775390625, 1.0
206.17245483398438, 229.92303466796875, 1.0
206.6678466796875, 231.25796508789062, 1.0
207.26129150390625, 232.19439697265625, 1.0
207.91802978515625, 232.71490478515625, 1.0
208.60153198242188, 232.80975341796875, 1.0
209.274658203125, 232.4771728515625, 1.0
209.9005126953125, 231.72344970703125, 1.0
210.44342041015625, 230.5626220703125, 1.0
210.869873046875, 229.01629638671875, 1.0
211.1495361328125, 227.11331176757812, 1.0
211.255859375, 224.88888549804688, 1.0
211.1668701171875, 222.38409423828125, 1.0
210.86590576171875, 219.64495849609375, 1.0
210.34197998046875, 216.721435546875, 1.0
209.59014892578125, 213.66651916503906, 1.0
208.61175537109375, 210.53504943847656, 1.0
207.4144287109375, 207.38265991210938, 1.0
206.01205444335938, 204.26461791992188, 1.0
204.424560546875, 201.23472595214844, 1.0
202.6773681640625, 198.34425354003906, 1.0
200.80096435546875, 195.6409149169922, 1.0
198.83035278320312, 193.16799926757812, 1.0
196.80404663085938, 190.96347045898438, 1.0
194.76336669921875, 189.05931091308594, 1.0
192.75152587890625, 187.48097229003906, 1.0
190.81253051757812, 186.24693298339844, 1.0
188.99017333984375, 185.368408203125, 1.0
187.32711791992188, 184.8492889404297, 1.0
185.86370849609375, 184.6862030029297, 1.0
184.63714599609375, 184.8686981201172, 1.0
183.68048095703125, 185.37960815429688, 1.0
183.02178955078125, 186.19561767578125, 1.0
182.6834716796875, 187.28782653808594, 1.0
182.681640625, 188.62258911132812, 1.0
183.0255126953125, 190.1622772216797, 1.0
183.71728515625, 191.86631774902344, 1.0
184.75177001953125, 193.69207763671875, 1.0
186.1165771484375, 195.5959930419922, 1.0
187.79193115234375, 197.53451538085938, 1.0
189.75137329101562, 199.4651641845703, 1.0
191.96185302734375, 201.34751892089844, 1.0
194.384521484375, 203.14414978027344, 1.0
196.97543334960938, 204.82144165039062, 1.0
199.6864013671875, 206.35032653808594, 1.0
202.46588134765625, 207.70697021484375, 1.0
205.26007080078125, 208.8732147216797, 1.0
208.013916015625, 209.8369903564453, 1.0
210.67236328125, 210.5924835205078, 1.0
213.1812744140625, 211.1402130126953, 1.0
215.48876953125, 211.48696899414062, 1.0
217.546142578125, 211.64553833007812, 1.0
219.30902099609375, 211.63433837890625, 1.0
220.73812866210938, 211.4768524169922, 1.0
221.80023193359375, 211.20106506347656, 1.0
222.46881103515625, 210.83865356445312, 1.0
222.724609375, 210.42417907714844, 1.0
222.55618286132812, 209.99417114257812, 1.0
221.95989990234375, 209.5861358642578, 1.0
220.94036865234375, 209.23765563964844, 1.0
219.510009765625, 208.98533630371094, 1.0
217.68914794921875, 208.86392211914062, 1.0
215.50546264648438, 208.90524291992188, 1.0
212.993408203125, 209.13754272460938, 1.0
210.193603515625, 209.58456420898438, 1.0
207.15200805664062, 210.2649383544922, 1.0
203.91897583007812, 211.191650390625, 1.0
200.54827880859375, 212.37161254882812, 1.0
197.09597778320312, 213.805419921875, 1.0
193.61944580078125, 215.48716735839844, 1.0
190.17605590820312, 217.40455627441406, 1.0
186.82220458984375, 219.53900146484375, 1.0
183.61209106445312, 221.86605834960938, 1.0
180.5968017578125, 224.35580444335938, 1.0
177.82318115234375, 226.9735107421875, 1.0
175.33319091796875, 229.6802978515625, 1.0
173.162841796875, 232.43402099609375, 1.0
171.341796875, 235.19027709960938, 1.0
169.892822265625, 237.90310668945312, 1.0
168.83148193359375, 240.5262451171875, 1.0
168.16580200195312, 243.01406860351562, 1.0
167.89642333984375, 245.32269287109375, 1.0
168.0167236328125, 247.41082763671875, 1.0
168.51300048828125, 249.2408447265625, 1.0
169.364990234375, 250.77975463867188, 1.0
170.5465087890625, 251.99969482421875, 1.0
172.0260009765625, 252.87884521484375, 1.0
173.76751708984375, 253.40191650390625, 1.0
175.73141479492188, 253.560546875, 1.0
177.87551879882812, 253.35354614257812, 1.0
180.15597534179688, 252.78701782226562, 1.0
182.5283203125, 251.874267578125, 1.0
184.94851684570312, 250.6356201171875, 1.0
187.37396240234375, 249.09808349609375, 1.0
189.76431274414062, 247.29473876953125, 1.0
192.08251953125, 245.26416015625, 1.0
194.29559326171875, 243.049560546875, 1.0
196.37506103515625, 240.697998046875, 1.0
198.2978515625, 238.2593994140625, 1.0
200.0465087890625, 235.78546142578125, 1.0
201.6094970703125, 233.32852172851562, 1.0
202.9813232421875, 230.94064331054688, 1.0
204.1627197265625, 228.67239379882812, 1.0
205.16009521484375, 226.57177734375, 1.0
205.98553466796875, 224.6832275390625, 1.0
206.6563720703125, 223.04669189453125, 1.0
207.19427490234375, 221.69671630859375, 1.0
207.625, 220.66192626953125, 1.0
207.97732543945312, 219.96401977539062, 1.0
208.28225708007812, 219.61770629882812, 1.0
242.0, 360.0, 0.5
242.13824462890625, 360.2247314453125, 0.5
242.25054931640625, 360.4783630371094, 0.5
242.33245849609375, 360.75787353515625, 0.5
242.37979125976562, 361.0595397949219, 0.5
242.3887939453125, 361.3791809082031, 0.5
242.35626220703125, 361.7119140625, 0.5
242.27960205078125, 362.05255126953125, 0.5
242.15682983398438, 362.3954162597656, 0.5
241.9866943359375, 362.7344665527344, 0.5
241.76873779296875, 363.0635681152344, 0.5
241.50323486328125, 363.3763122558594, 0.5
241.19125366210938, 363.66632080078125, 0.5
240.83477783203125, 363.9272766113281, 0.5
240.43649291992188, 364.1529541015625, 0.5
240.0, 364.3374938964844, 0.5
239.52960205078125, 364.475341796875, 0.5
239.03045654296875, 364.5614318847656, 0.5
238.50823974609375, 364.5912170410156, 0.5
237.9693603515625, 364.5608825683594, 0.5
237.42083740234375, 364.4672546386719, 0.5
236.87005615234375, 364.3080139160156, 0.5
236.32479858398438, 364.08172607421875, 0.5
235.79318237304688, 363.787841796875, 0.5
235.283447265625, 363.4267883300781, 0.5
234.8038330078125, 363.0, 0.5
234.3626708984375, 362.5099182128906, 0.5
233.96792602539062, 361.9599304199219, 0.5
233.62738037109375, 361.35455322265625, 0.5
233.34832763671875, 360.6991271972656, 0.5
233.13751220703125, 360.0, 0.5
233.00103759765625, 359.264404296875, 0.5
232.94427490234375, 358.5002746582031, 0.5
232.9716796875, 357.71636962890625, 0.5
233.08673095703125, 356.9220275878906, 0.5
233.29190063476562, 356.1271057128906, 0.5
233.58853149414062, 355.3418273925781, 0.5
233.976806640625, 354.57672119140625, 0.5
234.4556884765625, 353.8424377441406, 0.5
235.02291870117188, 353.149658203125, 0.5
235.67498779296875, 352.5088806152344, 0.5
236.40713500976562, 351.93035888671875, 0.5
237.21343994140625, 351.4238586425781, 0.5
238.086669921875, 350.99859619140625, 0.5
239.01861572265625, 350.6630859375, 0.5
239.99996948242188, 350.42498779296875, 0.5
241.02044677734375, 350.2909851074219, 0.5
242.06884765625, 350.2666015625, 0.5
243.1334228515625, 350.35626220703125, 0.5
244.2015380859375, 350.56304931640625, 0.5
245.2603759765625, 350.888671875, 0.5
246.296630859375, 351.3333740234375, 0.5
247.29684448242188, 351.8959655761719, 0.5
248.24761962890625, 352.57373046875, 0.5
249.13580322265625, 353.3623962402344, 0.5
249.94842529296875, 354.2562255859375, 0.5
250.6732177734375, 355.2479248046875, 0.5
251.29852294921875, 356.3288269042969, 0.5
251.81356811523438, 357.4888916015625, 0.5
252.20858764648438, 358.7167663574219, 0.5
252.47500610351562, 359.99993896484375, 0.5
252.6055908203125, 361.3248291015625, 0.5
252.594482421875, 362.6769714355469, 0.5
252.43746948242188, 364.0411071777344, 0.5
252.13189697265625, 365.4013977050781, 0.5
251.67694091796875, 366.7416076660156, 0.5
251.07345581054688, 368.0452575683594, 0.5
250.32418823242188, 369.29583740234375, 0.5
249.43368530273438, 370.47705078125, 0.5
248.4083251953125, 371.57293701171875, 0.5
247.25631713867188, 372.5681457519531, 0.5
245.98757934570312, 373.4481201171875, 0.5
244.61370849609375, 374.1992492675781, 0.5
243.14788818359375, 374.80914306640625, 0.5
241.60467529296875, 375.2667236328125, 0.5
240.00009155273438, 375.5625, 0.5
238.35116577148438, 375.6885986328125, 0.5
236.67593383789062, 375.63897705078125, 0.5
234.99322509765625, 375.4095153808594, 0.5
233.322509765625, 374.9981689453125, 0.5
231.68341064453125, 374.4049377441406, 0.5
230.09588623046875, 373.6319885253906, 0.5
228.57965087890625, 372.6836853027344, 0.5
227.1541748046875, 371.5665283203125, 0.5
225.83819580078125, 370.28924560546875, 0.5
224.64971923828125, 368.862548828125, 0.5
223.60568237304688, 367.2992858886719, 0.5
222.7216796875, 365.6141052246094, 0.5
222.01187133789062, 363.82354736328125, 0.5
221.4886474609375, 361.9456787109375, 0.5
221.16250610351562, 360.0000305175781, 0.5
221.04193115234375, 358.0074462890625, 0.5
221.13314819335938, 355.98974609375, 0.5
221.44012451171875, 353.96954345703125, 0.5
221.96432495117188, 351.9700012207031, 0.5
222.70474243164062, 350.01458740234375, 0.5
223.6578369140625, 348.1267395019531, 0.5
224.81756591796875, 346.32965087890625, 0.5
226.17523193359375, 344.64599609375, 0.5
227.7197265625, 343.09759521484375, 0.5
229.43753051757812, 341.7052001953125, 0.5
231.31280517578125, 340.4881591796875, 0.5
233.32760620117188, 339.46429443359375, 0.5
235.46185302734375, 338.64947509765625, 0.5
237.69381713867188, 338.0575256347656, 0.5
240.00006103515625, 337.6999816894531, 0.5
242.35589599609375, 337.5859680175781, 0.5
244.7354736328125, 337.7218933105469, 0.5
247.11212158203125, 338.1114501953125, 0.5
249.45877075195312, 338.75555419921875, 0.5
251.748046875, 339.6520690917969, 0.5
253.95266723632812, 340.7960205078125, 0.5
256.0458679199219, 342.1794738769531, 0.5
258.0015563964844, 343.7915344238281, 0.5
259.79473876953125, 345.6184997558594, 0.5
261.4017333984375, 347.6438903808594, 0.5
262.8006591796875, 349.84869384765625, 0.5
263.971435546875, 352.21142578125, 0.5
264.8963623046875, 354.7083435058594, 0.5
265.56005859375, 357.3137512207031, 0.5
265.95001220703125, 360.000244140625, 0.5
266.05645751953125, 362.7388916015625, 0.5
265.8727722167969, 365.49969482421875, 0.5
265.3955078125, 368.25177001953125, 0.5
264.62451171875, 370.9638366699219, 0.5
263.5629577636719, 373.60443115234375, 0.5
262.21746826171875, 376.1423034667969, 0.5
260.597900390625, 378.546875, 0.5
258.7175598144531, 380.7884521484375, 0.5
256.5928955078125, 382.8387451171875, 0.5
254.24343872070312, 384.67108154296875, 0.5
251.691650390625, 386.2607727050781, 0.5
248.96267700195312, 387.58551025390625, 0.5
246.08416748046875, 388.6255798339844, 0.5
243.08587646484375, 389.3641357421875, 0.5
239.99957275390625, 389.7875061035156, 0.5
236.85845947265625, 389.8853454589844, 0.5
233.69705200195312, 389.65081787109375, 0.5
230.55059814453125, 389.0807800292969, 0.5
227.45477294921875, 388.17584228515625, 0.5
224.44537353515625, 386.94036865234375, 0.5
221.55780029296875, 385.3825988769531, 0.5
218.82662963867188, 383.5146179199219, 0.5
216.2852783203125, 381.35211181640625, 0.5
213.96551513671875, 378.9144592285156, 0.5
211.89718627929688, 376.2244873046875, 0.5
210.1077880859375, 373.3082275390625, 0.5
208.6220703125, 370.1946716308594, 0.5
207.4617919921875, 366.9155578613281, 0.5
206.64532470703125, 363.50506591796875, 0.5
206.1875, 359.99932861328125, 0.5
206.09930419921875, 356.43621826171875, 0.5
206.38772583007812, 352.8547668457031, 0.5
207.05560302734375, 349.29498291015625, 0.5
208.1015625, 345.7971496582031, 0.5
209.51983642578125, 342.4015197753906, 0.5
211.30047607421875, 339.1477966308594, 0.5
213.42926025390625, 336.07476806640625, 0.5
215.88775634765625, 333.2197570800781, 0.5
218.653564453125, 330.6181640625, 0.5
221.70050048828125, 328.30316162109375, 0.5
224.99871826171875, 326.30517578125, 0.5
228.51513671875, 324.65142822265625, 0.5
232.21368408203125, 323.3658142089844, 0.5
236.0557861328125, 322.4683532714844, 0.5
240.00048828125, 321.9750061035156, 0.5
244.00521850585938, 321.8974304199219, 0.5
248.0260009765625, 322.2427673339844, 0.5
252.01806640625, 323.0135498046875, 0.5
255.93630981445312, 324.20745849609375, 0.5
259.7357482910156, 325.81744384765625, 0.5
263.3721008300781, 327.8316650390625, 0.5
266.8022766113281, 330.2335510253906, 0.5
269.98486328125, 333.0019226074219, 0.5
272.8806457519531, 336.1111755371094, 0.5
275.45306396484375, 339.531494140625, 0.5
277.66864013671875, 343.2291259765625, 0.5
279.4974365234375, 347.166748046875, 0.5
280.91351318359375, 351.30377197265625, 0.5
281.89508056640625, 355.5968322753906, 0.5
282.42498779296875, 360.0001525878906, 0.5
282.66644287109375, 362.2362365722656, 0.5
282.79010009765625, 364.4976501464844, 0.5
282.7940368652344, 366.7781677246094, 0.5
282.676513671875, 369.07147216796875, 0.5
282.436279296875, 371.37109375, 0.5
282.072265625, 373.67047119140625, 0.5
281.5838623046875, 375.96295166015625, 0.5
280.9708251953125, 378.2418212890625, 0.5
280.23321533203125, 380.5003356933594, 0.5
279.3714599609375, 382.7316589355469, 0.5
278.3863830566406, 384.92901611328125, 0.5
277.2791748046875, 387.0855712890625, 0.5
276.05145263671875, 389.1946105957031, 0.5
274.705078125, 391.2494201660156, 0.5
273.2424011230469, 393.2433166503906, 0.5
271.6661071777344, 395.1697998046875, 0.5
269.9792175292969, 397.02239990234375, 0.5
268.1851806640625, 398.7948303222656, 0.5
266.2877197265625, 400.48095703125, 0.5
264.29095458984375, 402.0748291015625, 0.5
262.1993713378906, 403.57061767578125, 0.5
260.0177307128906, 404.9627990722656, 0.5
257.7511901855469, 406.24603271484375, 0.5
255.40509033203125, 407.41522216796875, 0.5
252.98526000976562, 408.4656066894531, 0.5
250.49761962890625, 409.3926086425781, 0.5
247.94851684570312, 410.1920166015625, 0.5
245.34445190429688, 410.8599853515625, 0.5
242.69219970703125, 411.39288330078125, 0.5
239.998779296875, 411.7875061035156, 0.5
237.2713623046875, 412.041015625, 0.5
234.51739501953125, 412.15093994140625, 0.5
231.744384765625, 412.11517333984375, 0.5
228.9600830078125, 411.9320068359375, 0.5
226.17230224609375, 411.6001892089844, 0.5
223.388916015625, 411.11883544921875, 0.5
220.6180419921875, 410.48748779296875, 0.5
217.86767578125, 409.7061462402344, 0.5
215.14599609375, 408.77520751953125, 0.5
212.4610595703125, 407.6955261230469, 0.5
209.821044921875, 406.4684143066406, 0.5
207.23394775390625, 405.0956115722656, 0.5
204.7078857421875, 403.57928466796875, 0.5
202.250732421875, 401.92205810546875, 0.5
199.870361328125, 400.1269836425781, 0.5
197.57440185546875, 398.1975402832031, 0.5
195.3704833984375, 396.1376953125, 0.5
193.26593017578125, 393.9517822265625, 0.5
191.26788330078125, 391.6445007324219, 0.5
189.38336181640625, 389.2210693359375, 0.5
187.61895751953125, 386.68701171875, 0.5
185.98114013671875, 384.04827880859375, 0.5
184.47601318359375, 381.3111877441406, 0.5
183.10943603515625, 378.4823913574219, 0.5
181.8868408203125, 375.5688781738281, 0.5
180.81341552734375, 372.5779724121094, 0.5
179.89382934570312, 369.517333984375, 0.5
179.13250732421875, 366.39483642578125, 0.5
178.53338623046875, 363.21868896484375, 0.5
178.0999755859375, 359.997314453125, 0.5
177.83544921875, 356.7393493652344, 0.5
177.74237060546875, 353.4536437988281, 0.5
177.822998046875, 350.14923095703125, 0.5
178.0789794921875, 346.8352966308594, 0.5
178.51153564453125, 343.5211486816406, 0.5
179.12142944335938, 340.2161865234375, 0.5
179.90887451171875, 336.92987060546875, 0.5
180.87356567382812, 333.6717834472656, 0.5
182.01473999023438, 330.4514465332031, 0.5
183.33108520507812, 327.2784118652344, 0.5
184.82077026367188, 324.1622314453125, 0.5
186.48147583007812, 321.1123352050781, 0.5
188.310302734375, 318.1380615234375, 0.5
190.30389404296875, 315.24871826171875, 0.5
192.45843505859375, 312.453369140625, 0.5
194.76947021484375, 309.760986328125, 0.5
197.232177734375, 307.18023681640625, 0.5
199.84112548828125, 304.71966552734375, 0.5
202.590576171875, 302.3875427246094, 0.5
205.47421264648438, 300.1917724609375, 0.5
208.4852294921875, 298.14007568359375, 0.5
211.61651611328125, 296.23974609375, 0.5
214.86041259765625, 294.49774169921875, 0.5
218.208984375, 292.9206848144531, 0.5
221.65380859375, 291.5147705078125, 0.5
225.1861572265625, 290.28570556640625, 0.5
228.79696655273438, 289.23883056640625, 0.5
232.476806640625, 288.3790283203125, 0.5
236.21600341796875, 287.71063232421875, 0.5
240.00457763671875, 287.23748779296875, 0.5
243.83236694335938, 286.96295166015625, 0.5
247.68893432617188, 286.8898620605469, 0.5
251.56369018554688, 287.02044677734375, 0.5
255.44586181640625, 287.3564147949219, 0.5
259.3245544433594, 287.89892578125, 0.5
263.18878173828125, 288.6485290527344, 0.5
267.0274963378906, 289.6051940917969, 0.5
270.82958984375, 290.7682800292969, 0.5
274.5840148925781, 292.1366271972656, 0.5
278.27960205078125, 293.7084045410156, 0.5
281.9054260253906, 295.481201171875, 0.5
285.4505310058594, 297.4520568847656, 0.5
288.9040832519531, 299.6173095703125, 0.5
292.2554931640625, 301.97283935546875, 0.5
295.4942626953125, 304.5138244628906, 0.5
298.6101379394531, 307.2349853515625, 0.5
301.5931701660156, 310.1304016113281, 0.5
304.4336242675781, 313.193603515625, 0.5
307.1221008300781, 316.4176025390625, 0.5
309.6495361328125, 319.7948913574219, 0.5
312.0072937011719, 323.3174133300781, 0.5
314.18701171875, 326.9766845703125, 0.5
316.180908203125, 330.76373291015625, 0.5
317.98150634765625, 334.6690673828125, 0.5
319.5819091796875, 338.682861328125, 0.5
320.9757080078125, 342.79486083984375, 0.5
322.156982421875, 346.9944152832031, 0.5
323.120361328125, 351.2705383300781, 0.5
323.8611145019531, 355.6119384765625, 0.5
324.375, 360.0069885253906, 0.5
324.658447265625, 364.44384765625, 0.5
324.70849609375, 368.9104309082031, 0.5
324.52276611328125, 373.3944396972656, 0.5
324.099609375, 377.8834228515625, 0.5
323.43798828125, 382.3648376464844, 0.5
322.5375061035156, 386.8259582519531, 0.5
321.39849853515625, 391.2541198730469, 0.5
320.02191162109375, 395.6365051269531, 0.5
318.40948486328125, 399.96038818359375, 0.5
316.56353759765625, 404.21307373046875, 0.5
314.487060546875, 408.3819885253906, 0.5
312.183837890625, 412.4546203613281, 0.5
309.658203125, 416.41864013671875, 0.5
306.915283203125, 420.2619323730469, 0.5
303.9607238769531, 423.9725646972656, 0.5
300.80096435546875, 427.5389709472656, 0.5
297.4429626464844, 430.94976806640625, 0.5
293.8943786621094, 434.1939697265625, 0.5
290.1634216308594, 437.2610168457031, 0.5
286.25897216796875, 440.1406555175781, 0.5
282.1904296875, 442.8231201171875, 0.5
277.96771240234375, 445.29913330078125, 0.5
273.60125732421875, 447.5599060058594, 0.5
269.10211181640625, 449.59716796875, 0.5
264.481689453125, 451.4031677246094, 0.5
259.7518615722656, 452.9708251953125, 0.5
254.9249267578125, 454.29364013671875, 0.5
250.01361083984375, 455.36572265625, 0.5
245.0308837890625, 456.1818542480469, 0.5
245.0308837890625, 466.23779296875, 1.0
245.3380126953125, 466.41741943359375, 1.0
245.67788696289062, 466.9525146484375, 1.0
246.08218383789062, 467.8316345214844, 1.0
246.580810546875, 469.0361328125, 1.0
247.20095825195312, 470.5404052734375, 1.0
247.96612548828125, 472.31243896484375, 1.0
248.89572143554688, 474.3146057128906, 1.0
250.00408935546875, 476.5042724609375, 1.0
251.30029296875, 478.8349609375, 1.0
252.78756713867188, 481.2572021484375, 1.0
254.463134765625, 483.71929931640625, 1.0
256.318115234375, 486.1690673828125, 1.0
258.33770751953125, 488.55426025390625, 1.0
260.5011901855469, 490.82421875, 1.0
262.782470703125, 492.930419921875, 1.0
265.15045166015625, 494.8280029296875, 1.0
267.56976318359375, 496.47607421875, 1.0
270.00146484375, 497.839111328125, 1.0
272.4038391113281, 498.88751220703125, 1.0
274.7333679199219, 499.597900390625, 1.0
276.94561767578125, 499.95379638671875, 1.0
278.9964294433594, 499.946044921875, 1.0
280.84271240234375, 499.572509765625, 1.0
282.44366455078125, 498.83856201171875, 1.0
283.7615966796875, 497.7564697265625, 1.0
284.76287841796875, 496.34521484375, 1.0
285.4189453125, 494.63006591796875, 1.0
285.70684814453125, 492.64190673828125, 1.0
285.6099548339844, 490.41644287109375, 1.0
285.1185302734375, 487.99346923828125, 1.0
284.22991943359375, 485.41583251953125, 1.0
282.94903564453125, 482.72857666015625, 1.0
281.2880859375, 479.977783203125, 1.0
279.2667236328125, 477.2095947265625, 1.0
276.91162109375, 474.46929931640625, 1.0
274.256103515625, 471.8001708984375, 1.0
271.33966064453125, 469.2426452636719, 1.0
268.2070617675781, 466.83331298828125, 1.0
264.9076232910156, 464.6042785644531, 1.0
261.4943542480469, 462.5825500488281, 1.0
258.0228271484375, 460.78924560546875, 1.0
254.55014038085938, 459.239501953125, 1.0
251.1337890625, 457.9420471191406, 1.0
247.83056640625, 456.89910888671875, 1.0
244.69540405273438, 456.1065673828125, 1.0
241.78030395507812, 455.55401611328125, 1.0
239.13327026367188, 455.22528076171875, 1.0
236.79736328125, 455.0987548828125, 1.0
234.8099365234375, 455.1481018066406, 1.0
233.20159912109375, 455.3429870605469, 1.0
231.99606323242188, 455.6497802734375, 1.0
231.20925903320312, 456.0326232910156, 1.0
230.84921264648438, 456.4542236328125, 1.0
230.91598510742188, 456.87689208984375, 1.0
231.4014892578125, 457.26361083984375, 1.0
232.2899169921875, 457.5787658691406, 1.0
233.557861328125, 457.7893371582031, 1.0
235.1749267578125, 457.8656005859375, 1.0
237.10452270507812, 457.7820129394531, 1.0
239.3043212890625, 457.51788330078125, 1.0
241.7274169921875, 457.0578308105469, 1.0
244.32318115234375, 456.3924255371094, 1.0
247.03839111328125, 455.51837158203125, 1.0
249.8182373046875, 454.43865966796875, 1.0
252.6075439453125, 453.1626281738281, 1.0
255.35183715820312, 451.7058410644531, 1.0
257.9984436035156, 450.089599609375, 1.0
260.49755859375, 448.3408203125, 1.0
262.80328369140625, 446.49114990234375, 1.0
264.8744201660156, 444.5764465332031, 1.0
266.6753234863281, 442.63592529296875, 1.0
268.17657470703125, 440.71124267578125, 1.0
269.35540771484375, 438.84564208984375, 1.0
270.1961669921875, 437.082763671875, 1.0
270.6904602050781, 435.46575927734375, 1.0
270.8372802734375, 434.0362854003906, 1.0
270.64276123046875, 432.8333435058594, 1.0
270.1200866699219, 431.8924560546875, 1.0
269.2889404296875, 431.2446594238281, 1.0
268.17498779296875, 430.91583251953125, 1.0
266.8091735839844, 430.9259338378906, 1.0
265.22698974609375, 431.28839111328125, 1.0
263.4674987792969, 432.009765625, 1.0
261.572509765625, 433.08929443359375, 1.0
259.5854187011719, 434.51904296875, 1.0
257.5502624511719, 436.2836608886719, 1.0
255.51077270507812, 438.3607482910156, 1.0
253.5091552734375, 440.7210998535156, 1.0
251.5853271484375, 443.3293151855469, 1.0
249.77590942382812, 446.14434814453125, 1.0
248.11343383789062, 449.12030029296875, 1.0
246.62567138671875, 452.2073669433594, 1.0
245.33502197265625, 455.35272216796875, 1.0
244.25802612304688, 458.5015869140625, 1.0
243.40509033203125, 461.5983581542969, 1.0
242.78036499023438, 464.58770751953125, 1.0
242.38162231445312, 467.41571044921875, 1.0
242.20050048828125, 470.0309143066406, 1.0
242.2227783203125, 472.38543701171875, 1.0
242.42877197265625, 474.4359436035156, 1.0
242.7938232421875, 476.14453125, 1.0
243.28924560546875, 477.47943115234375, 1.0
243.8826904296875, 478.4158935546875, 1.0
244.53939819335938, 478.9364013671875, 1.0
245.222900390625, 479.03118896484375, 1.0
245.89605712890625, 478.6986083984375, 1.0
246.52191162109375, 477.9449462890625, 1.0
247.06478881835938, 476.7840576171875, 1.0
247.49127197265625, 475.23779296875, 1.0
247.77093505859375, 473.33477783203125, 1.0
247.87722778320312, 471.1103515625, 1.0
247.78826904296875, 468.6055603027344, 1.0
247.4873046875, 465.8664245605469, 1.0
246.96337890625, 462.9429016113281, 1.0
246.2115478515625, 459.8879699707031, 1.0
245.23312377929688, 456.75653076171875, 1.0
244.03579711914062, 453.6041259765625, 1.0
242.6334228515625, 450.486083984375, 1.0
241.04592895507812, 447.4561767578125, 1.0
239.29873657226562, 444.5657043457031, 1.0
237.42236328125, 441.86236572265625, 1.0
235.45172119140625, 439.38946533203125, 1.0
233.4254150390625, 437.1849365234375, 1.0
231.384765625, 435.28076171875, 1.0
229.3729248046875, 433.70245361328125, 1.0
227.43389892578125, 432.4683837890625, 1.0
225.611572265625, 431.5898742675781, 1.0
223.948486328125, 431.0707702636719, 1.0
222.485107421875, 430.9076843261719, 1.0
221.258544921875, 431.09014892578125, 1.0
220.3018798828125, 431.60107421875, 1.0
219.6431884765625, 432.4170837402344, 1.0
219.30487060546875, 433.5093078613281, 1.0
219.30300903320312, 434.84405517578125, 1.0
219.64688110351562, 436.38372802734375, 1.0
220.33865356445312, 438.0877685546875, 1.0
221.3731689453125, 439.9135437011719, 1.0
222.73794555664062, 441.8174743652344, 1.0
224.413330078125, 443.7559814453125, 1.0
226.37274169921875, 445.6866149902344, 1.0
228.58322143554688, 447.5690002441406, 1.0
231.00588989257812, 449.3656311035156, 1.0
233.5968017578125, 451.04290771484375, 1.0
236.30780029296875, 452.57177734375, 1.0
239.0872802734375, 453.9284362792969, 1.0
241.8814697265625, 455.0946960449219, 1.0
244.63531494140625, 456.0584716796875, 1.0
247.29373168945312, 456.8139343261719, 1.0
249.80267333984375, 457.3616943359375, 1.0
252.11016845703125, 457.70843505859375, 1.0
254.16754150390625, 457.86700439453125, 1.0
255.930419921875, 457.8558044433594, 1.0
257.3595275878906, 457.69830322265625, 1.0
258.4216003417969, 457.42254638671875, 1.0
259.0901794433594, 457.06011962890625, 1.0
259.34600830078125, 456.6456604003906, 1.0
259.17755126953125, 456.21563720703125, 1.0
258.581298828125, 455.8075866699219, 1.0
257.5617370605469, 455.4591064453125, 1.0
256.1313781738281, 455.2068176269531, 1.0
254.310546875, 455.08538818359375, 1.0
252.1268310546875, 455.126708984375, 1.0
249.61480712890625, 455.3590087890625, 1.0
246.81500244140625, 455.8060302734375, 1.0
243.77337646484375, 456.48638916015625, 1.0
240.54034423828125, 457.4131164550781, 1.0
237.16964721679688, 458.59307861328125, 1.0
233.71734619140625, 460.0268859863281, 1.0
230.24081420898438, 461.7086486816406, 1.0
226.79742431640625, 463.6260070800781, 1.0
223.44357299804688, 465.7604675292969, 1.0
220.23345947265625, 468.0875244140625, 1.0
217.21817016601562, 470.5772705078125, 1.0
214.444580078125, 473.1949462890625, 1.0
211.95455932617188, 475.9017333984375, 1.0
209.78421020507812, 478.655517578125, 1.0
207.96319580078125, 481.4117431640625, 1.0
206.51422119140625, 484.12457275390625, 1.0
205.452880859375, 486.7476806640625, 1.0
204.78717041015625, 489.23553466796875, 1.0
204.517822265625, 491.54412841796875, 1.0
204.63809204101562, 493.63226318359375, 1.0
205.13436889648438, 495.46234130859375, 1.0
205.98635864257812, 497.001220703125, 1.0
207.16787719726562, 498.22119140625, 1.0
208.64739990234375, 499.100341796875, 1.0
210.38888549804688, 499.6234130859375, 1.0
212.352783203125, 499.781982421875, 1.0
214.49688720703125, 499.57501220703125, 1.0
216.77734375, 499.00848388671875, 1.0
219.14971923828125, 498.095703125, 1.0
221.56988525390625, 496.8570556640625, 1.0
223.99533081054688, 495.319580078125, 1.0
226.38568115234375, 493.5162353515625, 1.0
228.70391845703125, 491.485595703125, 1.0
230.91696166992188, 489.27099609375, 1.0
232.9964599609375, 486.91949462890625, 1.0
234.91925048828125, 484.48089599609375, 1.0
236.66790771484375, 482.0069580078125, 1.0
238.23086547851562, 479.54998779296875, 1.0
239.60272216796875, 477.162109375, 1.0
240.78408813476562, 474.89385986328125, 1.0
241.78146362304688, 472.7932434082031, 1.0
242.60693359375, 470.9046630859375, 1.0
243.27774047851562, 469.26812744140625, 1.0
243.815673828125, 467.918212890625, 1.0
244.24639892578125, 466.8833923339844, 1.0
244.59869384765625, 466.18548583984375, 1.0
244.90362548828125, 465.83917236328125, 1.0
364.0, 154.0, 0.5
364.13818359375, 154.2247314453125, 0.5
364.25054931640625, 154.47836303710938, 0.5
364.33245849609375, 154.7578582763672, 0.5
364.3797607421875, 155.05955505371094, 0.5
364.3887939453125, 155.37916564941406, 0.5
364.35626220703125, 155.71192932128906, 0.5
364.27960205078125, 156.05255126953125, 0.5
364.1568603515625, 156.39540100097656, 0.5
363.9866943359375, 156.73448181152344, 0.5
363.76873779296875, 157.06356811523438, 0.5
363.50323486328125, 157.37631225585938, 0.5
363.1912841796875, 157.66632080078125, 0.5
362.83477783203125, 157.92726135253906, 0.5
362.4365234375, 158.1529541015625, 0.5
362.0, 158.33749389648438, 0.5
361.5296325683594, 158.475341796875, 0.5
361.0304260253906, 158.56143188476562, 0.5
360.5082092285156, 158.5912322998047, 0.5
359.9693603515625, 158.56088256835938, 0.5
359.42083740234375, 158.46725463867188, 0.5
358.87005615234375, 158.30801391601562, 0.5
358.3247985839844, 158.08172607421875, 0.5
357.7931823730469, 157.787841796875, 0.5
357.283447265625, 157.42678833007812, 0.5
356.8038635253906, 157.0, 0.5
356.3626708984375, 156.50990295410156, 0.5
355.9679260253906, 155.95994567871094, 0.5
355.62738037109375, 155.35455322265625, 0.5
355.3482971191406, 154.69912719726562, 0.5
355.13751220703125, 154.0, 0.5
355.00103759765625, 153.26438903808594, 0.5
354.9443054199219, 152.50027465820312, 0.5
354.9716796875, 151.71636962890625, 0.5
355.08673095703125, 150.92202758789062, 0.5
355.2919006347656, 150.12709045410156, 0.5
355.5885314941406, 149.34181213378906, 0.5
355.976806640625, 148.5767059326172, 0.5
356.4556884765625, 147.84243774414062, 0.5
357.0229187011719, 147.149658203125, 0.5
357.67498779296875, 146.50889587402344, 0.5
358.4071350097656, 145.93035888671875, 0.5
359.2134094238281, 145.42385864257812, 0.5
360.086669921875, 144.99859619140625, 0.5
361.01861572265625, 144.66310119628906, 0.5
361.9999694824219, 144.4250030517578, 0.5
363.0203857421875, 144.29098510742188, 0.5
364.06884765625, 144.26661682128906, 0.5
365.1334228515625, 144.3562774658203, 0.5
366.2015380859375, 144.5630645751953, 0.5
367.2603759765625, 144.888671875, 0.5
368.296630859375, 145.33338928222656, 0.5
369.296875, 145.89598083496094, 0.5
370.2476806640625, 146.57373046875, 0.5
371.13580322265625, 147.36239624023438, 0.5
371.948486328125, 148.25621032714844, 0.5
372.6732177734375, 149.24790954589844, 0.5
373.29852294921875, 150.32882690429688, 0.5
373.8135986328125, 151.4888916015625, 0.5
374.2086181640625, 152.71676635742188, 0.5
374.4749755859375, 153.99993896484375, 0.5
374.6055908203125, 155.32484436035156, 0.5
374.594482421875, 156.67697143554688, 0.5
374.4375, 158.04110717773438, 0.5
374.13189697265625, 159.40139770507812, 0.5
373.67694091796875, 160.74160766601562, 0.5
373.073486328125, 162.04525756835938, 0.5
372.32421875, 163.29583740234375, 0.5
371.4337158203125, 164.47705078125, 0.5
370.4083251953125, 165.57293701171875, 0.5
369.25634765625, 166.56814575195312, 0.5
367.987548828125, 167.4481201171875, 0.5
366.61370849609375, 168.19924926757812, 0.5
365.14788818359375, 168.80914306640625, 0.5
363.604736328125, 169.2667236328125, 0.5
362.0001220703125, 169.5625, 0.5
360.3511657714844, 169.6885986328125, 0.5
358.6759338378906, 169.63897705078125, 0.5
356.9932556152344, 169.40953063964844, 0.5
355.3224792480469, 168.9981689453125, 0.5
353.68341064453125, 168.40493774414062, 0.5
352.09588623046875, 167.63198852539062, 0.5
350.5796813964844, 166.68368530273438, 0.5
349.1541748046875, 165.56654357910156, 0.5
347.83819580078125, 164.28924560546875, 0.5
346.64971923828125, 162.86256408691406, 0.5
345.6056823730469, 161.29928588867188, 0.5
344.7217102050781, 159.61412048339844, 0.5
344.0118713378906, 157.82354736328125, 0.5
343.4886474609375, 155.94566345214844, 0.5
343.1625061035156, 154.00003051757812, 0.5
343.04193115234375, 152.00746154785156, 0.5
343.1331481933594, 149.98974609375, 0.5
343.44012451171875, 147.96954345703125, 0.5
343.9643249511719, 145.97000122070312, 0.5
344.7047424316406, 144.01458740234375, 0.5
345.6578674316406, 142.12673950195312, 0.5
346.81756591796875, 140.32965087890625, 0.5
348.17523193359375, 138.64599609375, 0.5
349.7197265625, 137.09759521484375, 0.5
351.4375305175781, 135.7052001953125, 0.5
353.3128356933594, 134.48817443847656, 0.5
355.3276062011719, 133.46429443359375, 0.5
357.46185302734375, 132.64947509765625, 0.5
359.6938171386719, 132.05752563476562, 0.5
362.0001220703125, 131.6999969482422, 0.5
364.35589599609375, 131.58596801757812, 0.5
366.7354736328125, 131.72189331054688, 0.5
369.11212158203125, 132.11146545410156, 0.5
371.458740234375, 132.7555389404297, 0.5
373.748046875, 133.65206909179688, 0.5
375.95263671875, 134.79603576660156, 0.5
378.0458984375, 136.17947387695312, 0.5
380.0015869140625, 137.79153442382812, 0.5
381.79473876953125, 139.61849975585938, 0.5
383.4017333984375, 141.64390563964844, 0.5
384.8006591796875, 143.84869384765625, 0.5
385.971435546875, 146.21141052246094, 0.5
386.8963623046875, 148.7083282470703, 0.5
387.56005859375, 151.31375122070312, 0.5
387.95001220703125, 154.00022888183594, 0.5
388.05645751953125, 156.7388916015625, 0.5
387.872802734375, 159.49969482421875, 0.5
387.3955078125, 162.2517852783203, 0.5
386.62451171875, 164.96383666992188, 0.5
385.56298828125, 167.6044158935547, 0.5
384.21746826171875, 170.14230346679688, 0.5
382.597900390625, 172.546875, 0.5
380.717529296875, 174.78846740722656, 0.5
378.5928955078125, 176.83876037597656, 0.5
376.243408203125, 178.67108154296875, 0.5
373.691650390625, 180.26077270507812, 0.5
370.962646484375, 181.58551025390625, 0.5
368.0841064453125, 182.62557983398438, 0.5
365.08587646484375, 183.3641357421875, 0.5
361.99957275390625, 183.78750610351562, 0.5
358.8584899902344, 183.88534545898438, 0.5
355.6970520019531, 183.65081787109375, 0.5
352.55059814453125, 183.08079528808594, 0.5
349.45477294921875, 182.1758270263672, 0.5
346.4454040527344, 180.9403533935547, 0.5
343.5578308105469, 179.38259887695312, 0.5
340.8266296386719, 177.5146026611328, 0.5
338.2852478027344, 175.35211181640625, 0.5
335.9654846191406, 172.9144744873047, 0.5
333.8971862792969, 170.22450256347656, 0.5
332.1077880859375, 167.30821228027344, 0.5
330.6220703125, 164.1946563720703, 0.5
329.4617919921875, 160.91555786132812, 0.5
328.64532470703125, 157.50506591796875, 0.5
328.1875, 153.99932861328125, 0.5
328.09930419921875, 150.4362030029297, 0.5
328.3877258300781, 146.85476684570312, 0.5
329.05560302734375, 143.2949981689453, 0.5
330.1015319824219, 139.79714965820312, 0.5
331.51983642578125, 136.40150451660156, 0.5
333.3005065917969, 133.14779663085938, 0.5
335.42926025390625, 130.07476806640625, 0.5
337.88775634765625, 127.21974182128906, 0.5
340.6535949707031, 124.6181640625, 0.5
343.70050048828125, 122.30317687988281, 0.5
346.99871826171875, 120.30516052246094, 0.5
350.51513671875, 118.65142822265625, 0.5
354.21368408203125, 117.36581420898438, 0.5
358.0557556152344, 116.46833801269531, 0.5
362.00048828125, 115.97499084472656, 0.5
366.0052490234375, 115.89743041992188, 0.5
370.0260009765625, 116.24276733398438, 0.5
374.01806640625, 117.01353454589844, 0.5
377.936279296875, 118.20745849609375, 0.5
381.7357177734375, 119.81744384765625, 0.5
385.3720703125, 121.8316650390625, 0.5
388.80224609375, 124.23355102539062, 0.5
391.98486328125, 127.00192260742188, 0.5
394.880615234375, 130.11117553710938, 0.5
397.45306396484375, 133.531494140625, 0.5
399.66864013671875, 137.2291259765625, 0.5
401.4974365234375, 141.166748046875, 0.5
402.91351318359375, 145.30377197265625, 0.5
403.89508056640625, 149.59683227539062, 0.5
404.42498779296875, 154.0001678466797, 0.5
404.66644287109375, 156.2362518310547, 0.5
404.79010009765625, 158.49765014648438, 0.5
404.7940673828125, 160.77816772460938, 0.5
404.676513671875, 163.07147216796875, 0.5
404.436279296875, 165.37109375, 0.5
404.072265625, 167.67047119140625, 0.5
403.5838623046875, 169.96295166015625, 0.5
402.9708251953125, 172.24183654785156, 0.5
402.23321533203125, 174.50033569335938, 0.5
401.3714599609375, 176.73165893554688, 0.5
400.3863525390625, 178.92901611328125, 0.5
399.2791748046875, 181.08558654785156, 0.5
398.05145263671875, 183.1946258544922, 0.5
396.705078125, 185.24942016601562, 0.5
395.242431640625, 187.24331665039062, 0.5
393.6661376953125, 189.16978454589844, 0.5
391.979248046875, 191.0223846435547, 0.5
390.1851806640625, 192.79483032226562, 0.5
388.2877197265625, 194.48095703125, 0.5
386.29095458984375, 196.07481384277344, 0.5
384.1993408203125, 197.57061767578125, 0.5
382.0177001953125, 198.96279907226562, 0.5
379.751220703125, 200.24603271484375, 0.5
377.4051513671875, 201.41522216796875, 0.5
374.9852294921875, 202.46559143066406, 0.5
372.4976806640625, 203.39260864257812, 0.5
369.948486328125, 204.19203186035156, 0.5
367.344482421875, 204.85997009277344, 0.5
364.69219970703125, 205.3928680419922, 0.5
361.998779296875, 205.78750610351562, 0.5
359.2713928222656, 206.041015625, 0.5
356.51739501953125, 206.15093994140625, 0.5
353.7444152832031, 206.11517333984375, 0.5
350.9600830078125, 205.9320068359375, 0.5
348.1722717285156, 205.60018920898438, 0.5
345.388916015625, 205.11883544921875, 0.5
342.6180419921875, 204.48748779296875, 0.5
339.86767578125, 203.70614624023438, 0.5
337.14599609375, 202.7751922607422, 0.5
334.4610595703125, 201.69552612304688, 0.5
331.8210144042969, 200.46841430664062, 0.5
329.23394775390625, 199.09561157226562, 0.5
326.7078857421875, 197.5792694091797, 0.5
324.250732421875, 195.9220428466797, 0.5
321.870361328125, 194.12696838378906, 0.5
319.57440185546875, 192.1975555419922, 0.5
317.3704833984375, 190.1376953125, 0.5
315.26593017578125, 187.95176696777344, 0.5
313.26788330078125, 185.64450073242188, 0.5
311.38336181640625, 183.2210693359375, 0.5
309.61895751953125, 180.68701171875, 0.5
307.98114013671875, 178.04827880859375, 0.5
306.4760437011719, 175.31118774414062, 0.5
305.10943603515625, 172.48239135742188, 0.5
303.8868713378906, 169.56887817382812, 0.5
302.81341552734375, 166.57798767089844, 0.5
301.8938293457031, 163.517333984375, 0.5
301.13250732421875, 160.3948516845703, 0.5
300.53338623046875, 157.2187042236328, 0.5
300.0999755859375, 153.997314453125, 0.5
299.83544921875, 150.73934936523438, 0.5
299.74237060546875, 147.4536590576172, 0.5
299.822998046875, 144.1492462158203, 0.5
300.0789794921875, 140.83531188964844, 0.5
300.51153564453125, 137.52114868164062, 0.5
301.1214294433594, 134.21617126464844, 0.5
301.90887451171875, 130.92987060546875, 0.5
302.8735656738281, 127.67178344726562, 0.5
304.0147399902344, 124.45144653320312, 0.5
305.3310852050781, 121.27842712402344, 0.5
306.8207702636719, 118.1622314453125, 0.5
308.4814758300781, 115.11231994628906, 0.5
310.310302734375, 112.1380615234375, 0.5
312.3039245605469, 109.24871826171875, 0.5
314.45843505859375, 106.453369140625, 0.5
316.76947021484375, 103.76097106933594, 0.5
319.2321472167969, 101.18023681640625, 0.5
321.8411560058594, 98.71966552734375, 0.5
324.5906066894531, 96.38752746582031, 0.5
327.4742126464844, 94.1917724609375, 0.5
330.4852294921875, 92.14006042480469, 0.5
333.61651611328125, 90.23973083496094, 0.5
336.8604431152344, 88.49774169921875, 0.5
340.208984375, 86.92069244384766, 0.5
343.65380859375, 85.51475524902344, 0.5
347.1861572265625, 84.28569793701172, 0.5
350.7969665527344, 83.23884582519531, 0.5
354.476806640625, 82.37903594970703, 0.5
358.21600341796875, 81.71062469482422, 0.5
358.21600341796875, 91.76657104492188, 1.0
358.5231628417969, 91.94619750976562, 1.0
358.8630065917969, 92.48127746582031, 1.0
359.267333984375, 93.36041259765625, 1.0
359.7659606933594, 94.56491088867188, 1.0
360.3860778808594, 96.06918334960938, 1.0
361.1512756347656, 97.84121704101562, 1.0
362.08087158203125, 99.84336853027344, 1.0
363.189208984375, 102.03306579589844, 1.0
364.4854736328125, 104.36376953125, 1.0
365.97271728515625, 106.78591918945312, 1.0
367.64825439453125, 109.24806213378906, 1.0
369.5032958984375, 111.69779968261719, 1.0
371.5228271484375, 114.08303833007812, 1.0
373.68634033203125, 116.35298156738281, 1.0
375.96759033203125, 118.459228515625, 1.0
378.3355712890625, 120.35673522949219, 1.0
380.7548828125, 122.00482177734375, 1.0
383.1866455078125, 123.36790466308594, 1.0
385.5889892578125, 124.41627502441406, 1.0
387.91845703125, 125.12664794921875, 1.0
390.1307373046875, 125.48255920410156, 1.0
392.18157958984375, 125.47477722167969, 1.0
394.02783203125, 125.10128784179688, 1.0
395.6287841796875, 124.3673095703125, 1.0
396.94671630859375, 123.28520202636719, 1.0
397.947998046875, 121.87396240234375, 1.0
398.6041259765625, 120.1588134765625, 1.0
398.8919677734375, 118.17066955566406, 1.0
398.79510498046875, 115.94522094726562, 1.0
398.30364990234375, 113.52224731445312, 1.0
397.4150390625, 110.94461059570312, 1.0
396.1341552734375, 108.25733947753906, 1.0
394.47320556640625, 105.50653076171875, 1.0
392.45184326171875, 102.73835754394531, 1.0
390.09674072265625, 99.99806213378906, 1.0
387.4412841796875, 97.32894897460938, 1.0
384.5247802734375, 94.77140808105469, 1.0
381.3922119140625, 92.362060546875, 1.0
378.0927734375, 90.13306427001953, 1.0
374.67950439453125, 88.1113052368164, 1.0
371.2080078125, 86.3180160522461, 1.0
367.73529052734375, 84.76828002929688, 1.0
364.31890869140625, 83.47080993652344, 1.0
361.01568603515625, 82.4278793334961, 1.0
357.88055419921875, 81.63533020019531, 1.0
354.9654235839844, 81.0827865600586, 1.0
352.3183898925781, 80.7540512084961, 1.0
349.9825134277344, 80.62752532958984, 1.0
347.99505615234375, 80.6768798828125, 1.0
346.3867492675781, 80.87174224853516, 1.0
345.18121337890625, 81.17854309082031, 1.0
344.3943786621094, 81.5613784790039, 1.0
344.03436279296875, 81.98298645019531, 1.0
344.10113525390625, 82.40567779541016, 1.0
344.5866394042969, 82.79236602783203, 1.0
345.4750671386719, 83.10752868652344, 1.0
346.74298095703125, 83.3180923461914, 1.0
348.3600769042969, 83.39437103271484, 1.0
350.2896423339844, 83.31079864501953, 1.0
352.48944091796875, 83.04664611816406, 1.0
354.91253662109375, 82.58660125732422, 1.0
357.50830078125, 81.92119598388672, 1.0
360.2235107421875, 81.04713439941406, 1.0
363.00341796875, 79.96742248535156, 1.0
365.792724609375, 78.69140625, 1.0
368.5369873046875, 77.2345962524414, 1.0
371.18359375, 75.6183853149414, 1.0
373.68267822265625, 73.86959075927734, 1.0
375.9884033203125, 72.0199203491211, 1.0
378.0595703125, 70.10520935058594, 1.0
379.8604736328125, 68.16468048095703, 1.0
381.3616943359375, 66.2400131225586, 1.0
382.54052734375, 64.37439727783203, 1.0
383.38134765625, 62.61151885986328, 1.0
383.8756103515625, 60.994537353515625, 1.0
384.02239990234375, 59.5650634765625, 1.0
383.827880859375, 58.36212158203125, 1.0
383.30523681640625, 57.42121124267578, 1.0
382.47412109375, 56.77342224121094, 1.0
381.360107421875, 56.444610595703125, 1.0
379.9942626953125, 56.4547119140625, 1.0
378.412109375, 56.817176818847656, 1.0
376.65264892578125, 57.53852081298828, 1.0
374.75762939453125, 58.618072509765625, 1.0
372.7705078125, 60.047813415527344, 1.0
370.73541259765625, 61.81243896484375, 1.0
368.6959228515625, 63.88951110839844, 1.0
366.6943359375, 66.24986267089844, 1.0
364.7705078125, 68.85807800292969, 1.0
362.9610595703125, 71.67310333251953, 1.0
361.298583984375, 74.6490707397461, 1.0
359.8108215332031, 77.73613739013672, 1.0
358.5201721191406, 80.88148498535156, 1.0
357.44317626953125, 84.03034973144531, 1.0
356.5902404785156, 87.12712860107422, 1.0
355.96551513671875, 90.1164779663086, 1.0
355.5667724609375, 92.94447326660156, 1.0
355.3856506347656, 95.5596923828125, 1.0
355.4079284667969, 97.91421508789062, 1.0
355.6138916015625, 99.9647216796875, 1.0
355.9789733886719, 101.67327880859375, 1.0
356.474365234375, 103.00820922851562, 1.0
357.06781005859375, 103.94464111328125, 1.0
357.72454833984375, 104.46511840820312, 1.0
358.4080505371094, 104.55996704101562, 1.0
359.0811767578125, 104.2274169921875, 1.0
359.70703125, 103.47367858886719, 1.0
360.24993896484375, 102.31283569335938, 1.0
360.6764221191406, 100.76654052734375, 1.0
360.9560546875, 98.86355590820312, 1.0
361.0623474121094, 96.63912963867188, 1.0
360.973388671875, 94.13433837890625, 1.0
360.67242431640625, 91.39518737792969, 1.0
360.14849853515625, 88.47166442871094, 1.0
359.39666748046875, 85.41675567626953, 1.0
358.4182434082031, 82.28529357910156, 1.0
357.2209167480469, 79.13290405273438, 1.0
355.8185729980469, 76.01486206054688, 1.0
354.2310791015625, 72.9849624633789, 1.0
352.4838562011719, 70.094482421875, 1.0
350.60748291015625, 67.39115142822266, 1.0
348.6368713378906, 64.91822814941406, 1.0
346.6105651855469, 62.71369934082031, 1.0
344.56988525390625, 60.809547424316406, 1.0
342.55804443359375, 59.23121643066406, 1.0
340.6190490722656, 57.997161865234375, 1.0
338.79669189453125, 57.11863708496094, 1.0
337.1336364746094, 56.599525451660156, 1.0
335.67022705078125, 56.43644714355469, 1.0
334.44366455078125, 56.618934631347656, 1.0
333.48699951171875, 57.129852294921875, 1.0
332.8283386230469, 57.94586181640625, 1.0
332.4900207519531, 59.03807067871094, 1.0
332.4881591796875, 60.37281799316406, 1.0
332.83203125, 61.912513732910156, 1.0
333.5237731933594, 63.616546630859375, 1.0
334.55828857421875, 65.44232177734375, 1.0
335.923095703125, 67.34622955322266, 1.0
337.59844970703125, 69.28475189208984, 1.0
339.5578918457031, 71.21539306640625, 1.0
341.7683410644531, 73.0977554321289, 1.0
344.1910400390625, 74.8943862915039, 1.0
346.7819519042969, 76.57167053222656, 1.0
349.492919921875, 78.1005630493164, 1.0
352.27239990234375, 79.45720672607422, 1.0
355.06658935546875, 80.62345886230469, 1.0
357.8204650878906, 81.58722686767578, 1.0
360.4788818359375, 82.34272003173828, 1.0
362.98779296875, 82.89044952392578, 1.0
365.2952880859375, 83.2372055053711, 1.0
367.3526611328125, 83.39578247070312, 1.0
369.11553955078125, 83.38456726074219, 1.0
370.544677734375, 83.22708892822266, 1.0
371.60675048828125, 82.95130157470703, 1.0
372.27532958984375, 82.58889770507812, 1.0
372.5311279296875, 82.17442321777344, 1.0
372.3626708984375, 81.74440002441406, 1.0
371.76641845703125, 81.33636474609375, 1.0
370.746826171875, 80.98788452148438, 1.0
369.3165283203125, 80.73558044433594, 1.0
367.49566650390625, 80.61415100097656, 1.0
365.31201171875, 80.65548706054688, 1.0
362.7999267578125, 80.88778686523438, 1.0
360.0001220703125, 81.33480072021484, 1.0
356.9585266113281, 82.01517486572266, 1.0
353.7254943847656, 82.94188690185547, 1.0
350.3547668457031, 84.12185668945312, 1.0
346.9024963378906, 85.55565643310547, 1.0
343.42596435546875, 87.2374038696289, 1.0
339.9825744628906, 89.15478515625, 1.0
336.62872314453125, 91.28924560546875, 1.0
333.4186096191406, 93.61630249023438, 1.0
330.4033203125, 96.10603332519531, 1.0
327.6297302246094, 98.72372436523438, 1.0
325.13970947265625, 101.43051147460938, 1.0
322.9693298339844, 104.18428039550781, 1.0
321.1483154296875, 106.94052124023438, 1.0
319.6993713378906, 109.65333557128906, 1.0
318.63800048828125, 112.27647399902344, 1.0
317.9723205566406, 114.76429748535156, 1.0
317.70294189453125, 117.07290649414062, 1.0
317.8232421875, 119.16104125976562, 1.0
318.3194885253906, 120.99110412597656, 1.0
319.1715087890625, 122.52999877929688, 1.0
320.35302734375, 123.74992370605469, 1.0
321.83251953125, 124.62907409667969, 1.0
323.57403564453125, 125.15216064453125, 1.0
325.5379333496094, 125.310791015625, 1.0
327.6820373535156, 125.10379028320312, 1.0
329.9624938964844, 124.53724670410156, 1.0
332.3348388671875, 123.62449645996094, 1.0
334.7550354003906, 122.3858642578125, 1.0
337.18048095703125, 120.84832763671875, 1.0
339.5708312988281, 119.04498291015625, 1.0
341.8890686035156, 117.01438903808594, 1.0
344.10211181640625, 114.79978942871094, 1.0
346.18157958984375, 112.4482421875, 1.0
348.1043701171875, 110.00965881347656, 1.0
349.85302734375, 107.53567504882812, 1.0
351.4159851074219, 105.07875061035156, 1.0
352.7878723144531, 102.69088745117188, 1.0
353.9692077636719, 100.42263793945312, 1.0
354.9665832519531, 98.32200622558594, 1.0
355.7920837402344, 96.43344116210938, 1.0
356.462890625, 94.79690551757812, 1.0
357.00079345703125, 93.44697570800781, 1.0
357.4315490722656, 92.41215515136719, 1.0
357.7838439941406, 91.71426391601562, 1.0
358.0887756347656, 91.36793518066406, 1.0
